4 0.263184 0.497109 0.275098 0.499063 0.276914 0.506797 0.277148 0.511992 0.276680 0.515605 0.276680 0.519453 0.276016 0.522832 0.275098 0.526445 0.274648 0.529844 0.273984 0.533242 0.273301 0.536621 0.272402 0.540469 0.272617 0.543633 0.272617 0.547246 0.272402 0.551094 0.271719 0.554707 0.270820 0.557871 0.269453 0.561250 0.268105 0.564414 0.265391 0.567363 0.264707 0.571426 0.264707 0.575937 0.264707 0.578652 0.266973 0.581367 0.265391 0.584531 0.262441 0.587012 0.260410 0.590645 0.259277 0.594023 0.258164 0.598086 0.256582 0.602168 0.256133 0.605098 0.255215 0.610078 0.252969 0.613242 0.250703 0.616387 0.248438 0.618887 0.246172 0.621602 0.243926 0.625215 0.241445 0.628145 0.239395 0.631094 0.236914 0.634707 0.235332 0.638535 0.233535 0.641934 0.232617 0.643965 0.231035 0.647813 0.228789 0.650742 0.226738 0.653906 0.224492 0.657070 0.222227 0.659551 0.219746 0.662715 0.217715 0.665430 0.216348 0.668828 0.215000 0.671543 0.212051 0.673789 0.209805 0.676504 0.207539 0.680117 0.205957 0.682383 0.203926 0.685781 0.202344 0.689160 0.200977 0.692559 0.199180 0.695937 0.197363 0.699336 0.195566 0.702949 0.194199 0.706113 0.192402 0.709277 0.190586 0.712441 0.188789 0.715820 0.186738 0.718535 0.184492 0.721484 0.181992 0.724863 0.179746 0.728262 0.177930 0.731426 0.175898 0.734355 0.173633 0.737305 0.171602 0.740234 0.168887 0.742949 0.166641 0.745215 0.164375 0.748145 0.161895 0.751074 0.159863 0.753789 0.157598 0.756738 0.154648 0.758984 0.151035 0.760566 0.148105 0.762148 0.144941 0.764180 0.142227 0.766445 0.139746 0.768711 0.136582 0.770977 0.133867 0.773223 0.130469 0.775039 0.128223 0.777070 0.122109 0.777969 0.117148 0.777969 0.114434 0.778203 0.111504 0.778887 0.108105 0.779336 0.103594 0.780000 0.099746 0.780684 0.096133 0.781133 0.091836 0.781816 0.089121 0.782715 0.084609 0.783848 0.080527 0.784980 0.077598 0.786113 0.074199 0.787461 0.070137 0.789043 0.067656 0.790410 0.063809 0.791523 0.059980 0.792656 0.056133 0.794023 0.052969 0.794473 0.049121 0.793574 0.046641 0.791523 0.047539 0.787910 0.050488 0.785879 0.053867 0.783848 0.057266 0.783398 0.061777 0.781816 0.066973 0.780469 0.073086 0.778652 0.077148 0.776836 0.081211 0.775254 0.083926 0.773906 0.088438 0.773008 0.092051 0.771875 0.095449 0.771191 0.099062 0.770742 0.102910 0.770508 0.106289 0.770293 0.109453 0.769844 0.113301 0.769160 0.117148 0.768262 0.120527 0.766895 0.123926 0.765547 0.127305 0.764180 0.130703 0.762617 0.134102 0.761035 0.138848 0.759434 0.141094 0.758320 0.144492 0.756738 0.147871 0.753574 0.151035 0.750625 0.152852 0.749277 0.156250 0.746797 0.158281 0.744531 0.160977 0.742500 0.163027 0.739551 0.165723 0.735938 0.167773 0.733457 0.170254 0.730293 0.172520 0.727578 0.175000 0.724199 0.177715 0.720352 0.179746 0.716953 0.181992 0.713125 0.184258 0.709492 0.185391 0.706328 0.189238 0.694590 0.191270 0.691641 0.193750 0.688027 0.195566 0.685547 0.197598 0.682383 0.199395 0.679453 0.201211 0.676055 0.203027 0.672891 0.204590 0.669512 0.206641 0.665879 0.207988 0.663633 0.209805 0.660234 0.211387 0.656855 0.212969 0.653242 0.215449 0.649160 0.217246 0.645996 0.219512 0.642832 0.221992 0.639902 0.225156 0.636055 0.226523 0.634258 0.228789 0.631543 0.231035 0.627930 0.232852 0.624980 0.234199 0.622266 0.236016 0.617988 0.238730 0.613906 0.240078 0.611191 0.242109 0.607812 0.244375 0.603965 0.246172 0.601035 0.248223 0.597637 0.249121 0.594707 0.250254 0.590859 0.251152 0.587246 0.252051 0.583633 0.252734 0.580684 0.253418 0.577305 0.253867 0.573906 0.254766 0.569844 0.255664 0.565781 0.256582 0.562617 0.257480 0.558770 0.258613 0.555156 0.259746 0.551543 0.260645 0.547930 0.261777 0.544531 0.262441 0.541152 0.262676 0.537988 0.264355 0.531680 0.264746 0.529141 0.265137 0.525430 0.265332 0.522500 0.265527 0.519375 0.265918 0.515859 0.266113 0.511563 0.266309 0.509219
4 0.408555 0.730684 0.414414 0.732246 0.416582 0.737891 0.419648 0.741348 0.422520 0.744219 0.425391 0.747109 0.426445 0.748672 0.430098 0.751035 0.432988 0.753906 0.436113 0.757832 0.439004 0.761484 0.441602 0.764883 0.444492 0.768027 0.447617 0.770645 0.451816 0.773770 0.454414 0.776660 0.457559 0.780312 0.459922 0.783711 0.462520 0.787891 0.464102 0.791816 0.465410 0.795469 0.465918 0.799668 0.467500 0.804883 0.469062 0.808555 0.471680 0.812207 0.474297 0.815605 0.476914 0.818477 0.478223 0.818477 0.480039 0.822676 0.481621 0.826328 0.483438 0.830508 0.485273 0.834180 0.487109 0.837578 0.488945 0.841230 0.490762 0.845684 0.491543 0.850645 0.489727 0.853262 0.487109 0.849609 0.485020 0.845684 0.481621 0.842012 0.479258 0.839668 0.476641 0.837051 0.473770 0.833906 0.472207 0.829473 0.470371 0.825801 0.468535 0.821875 0.466445 0.818223 0.463320 0.812480 0.460703 0.809082 0.458086 0.805410 0.456797 0.801973 0.456211 0.799043 0.455039 0.795137 0.454258 0.793184 0.452109 0.790254 0.449961 0.787129 0.448203 0.785176 0.445469 0.782246 0.442734 0.779707 0.440391 0.777949 0.437656 0.775801 0.435117 0.773652 0.432969 0.771895 0.431016 0.768965 0.429453 0.766230 0.426523 0.763301 0.424570 0.761348 0.422422 0.759199 0.420273 0.756855 0.418516 0.754316 0.416758 0.751387 0.414805 0.748652 0.412266 0.746699 0.409727 0.744551 0.408750 0.741426 0.408555 0.738887
4 0.306602 0.819824 0.306641 0.819824 0.306641 0.819785 0.302754 0.791230 0.302754 0.791016 0.302754 0.790801 0.307109 0.741836 0.307168 0.741563 0.316387 0.701211 0.316406 0.701133 0.320078 0.672852 0.324688 0.637793 0.324727 0.637598 0.334727 0.594277 0.334727 0.594238 0.334727 0.594199 0.334980 0.589688 0.322969 0.581895 0.323359 0.582461 0.323457 0.582617 0.323535 0.582773 0.323594 0.582949 0.323652 0.583125 0.323691 0.583301 0.323691 0.583477 0.323691 0.583652 0.323008 0.597539 0.322988 0.597773 0.314941 0.643516 0.314941 0.643555 0.314941 0.643594 0.314453 0.662461 0.314434 0.662734 0.304199 0.724121 0.296387 0.774375 0.296387 0.774414 0.296387 0.774453 0.297852 0.820254 0.297852 0.820312 0.297910 0.820312 0.298855 0.820259 0.301504 0.835938 0.308359 0.858477 0.321094 0.880996 0.337734 0.896328 0.349492 0.907109 0.358301 0.915586 0.365156 0.921465 0.367129 0.915918 0.361563 0.908730 0.348516 0.896328 0.340020 0.886211 0.329258 0.875762 0.322734 0.866621 0.316191 0.854551 0.312617 0.843125 0.306455 0.819832
4 0.458281 0.734883 0.474746 0.751543 0.482187 0.753340 0.472559 0.748320 0.478906 0.746523 0.495117 0.746094 0.562500 0.757812 0.579883 0.762305 0.616797 0.783984 0.637891 0.783398 0.651758 0.796289 0.695312 0.794434 0.722656 0.797852 0.726074 0.797363 0.728516 0.796387 0.731445 0.794922 0.734375 0.793457 0.737793 0.792480 0.740723 0.791504 0.744141 0.791504 0.747070 0.792480 0.750000 0.792969 0.752930 0.792969 0.755859 0.792969 0.758789 0.792480 0.761230 0.790527 0.764160 0.788574 0.767578 0.787109 0.769531 0.785645 0.772461 0.783691 0.775879 0.783691 0.779297 0.783691 0.782227 0.784668 0.785156 0.785156 0.789062 0.785156 0.792480 0.785156 0.795898 0.785156 0.798828 0.785645 0.801758 0.785156 0.803711 0.783203 0.801270 0.781738 0.797852 0.780273 0.794434 0.779297 0.791992 0.778320 0.789062 0.777832 0.785645 0.776855 0.783203 0.775879 0.779297 0.775391 0.775391 0.775391 0.772949 0.775879 0.770020 0.776367 0.767090 0.777344 0.764648 0.778809 0.762695 0.781738 0.760742 0.783691 0.758301 0.785645 0.755371 0.785645 0.751953 0.784180 0.749512 0.783203 0.746094 0.782715 0.743164 0.782715 0.740234 0.783691 0.737305 0.784668 0.734375 0.785645 0.731445 0.787109 0.728516 0.788574 0.725586 0.789551 0.722656 0.790039 0.699219 0.788086 0.654687 0.790430 0.637500 0.776367 0.618945 0.777344 0.599609 0.762695 0.574707 0.750488 0.540527 0.742676 0.510742 0.736328
4 0.283984 0.488086 0.294863 0.486211 0.304727 0.487148 0.314590 0.491855 0.321641 0.497969 0.328223 0.503125 0.333867 0.507363 0.338574 0.511582 0.347031 0.515352 0.356426 0.519590 0.363008 0.522402 0.374297 0.524277 0.386523 0.525215 0.398730 0.525215 0.406250 0.525215 0.414707 0.529453 0.415195 0.529453 0.417539 0.535098 0.419883 0.541211 0.421758 0.544023 0.425996 0.546367 0.433516 0.548730 0.441504 0.548262 0.448555 0.547773 0.449492 0.551074 0.440566 0.552949 0.430703 0.552949 0.420820 0.550137 0.411895 0.545430 0.409551 0.539785 0.408145 0.536035 0.400137 0.533203 0.389805 0.533672 0.378516 0.534160 0.365371 0.531797 0.351738 0.528984 0.340449 0.524277 0.331523 0.518633 0.323535 0.511113 0.314121 0.505000 0.305195 0.500313 0.296270 0.497480 0.291094 0.498437
2 0.458281 0.734883 0.474746 0.751543 0.482187 0.753340 0.488652 0.756719 0.525391 0.779297 0.527832 0.780273 0.530762 0.782715 0.533203 0.783691 0.536133 0.785156 0.539062 0.787109 0.541992 0.788574 0.544922 0.789551 0.548340 0.791016 0.550781 0.792480 0.553711 0.793945 0.556152 0.794922 0.559570 0.796387 0.562500 0.797852 0.565430 0.799316 0.567871 0.801270 0.571289 0.803223 0.573730 0.805664 0.576172 0.807617 0.579102 0.809570 0.581543 0.812012 0.582520 0.814941 0.583496 0.817871 0.584961 0.820312 0.586914 0.822754 0.589355 0.824707 0.591797 0.826660 0.594727 0.828613 0.598145 0.829590 0.601074 0.829590 0.604492 0.830078 0.607910 0.830566 0.610840 0.831543 0.613770 0.832520 0.616699 0.833984 0.620117 0.835938 0.623047 0.837402 0.626953 0.839844 0.629395 0.842285 0.631836 0.843262 0.634277 0.845703 0.637695 0.847656 0.640137 0.850098 0.642578 0.852051 0.645020 0.854004 0.647949 0.854980 0.650879 0.854980 0.654297 0.854980 0.657227 0.854980 0.660156 0.855469 0.663086 0.855957 0.666992 0.856934 0.669434 0.857422 0.673340 0.858887 0.675781 0.859863 0.679688 0.861816 0.683105 0.862793 0.686035 0.863281 0.689453 0.863281 0.691895 0.861816 0.694824 0.860352 0.699219 0.858887 0.701660 0.858887 0.705566 0.858887 0.708984 0.858887 0.711914 0.860352 0.715332 0.861328 0.718750 0.861816 0.719727 0.861328 0.722656 0.859863 0.725098 0.858887 0.728516 0.857910 0.731445 0.856934 0.735352 0.855957 0.738281 0.854980 0.741211 0.854004 0.744141 0.853027 0.746094 0.852539 0.750000 0.851074 0.752930 0.850586 0.756348 0.850098 0.759766 0.848145 0.762207 0.847656 0.765137 0.849121 0.767090 0.852051 0.768066 0.854492 0.768066 0.857910 0.767578 0.860840 0.766602 0.863770 0.765625 0.866699 0.764160 0.869629 0.761230 0.870117 0.760742 0.866699 0.762207 0.863770 0.763184 0.861328 0.763672 0.857910 0.762695 0.854980 0.760664 0.854648 0.756816 0.855098 0.753398 0.856445 0.750000 0.857129 0.746836 0.858711 0.743203 0.859395 0.740039 0.860313 0.736641 0.860996 0.733008 0.862793 0.730059 0.864844 0.726660 0.866660 0.723262 0.867793 0.719629 0.868242 0.716230 0.868242 0.712832 0.868008 0.709434 0.867559 0.706035 0.867109 0.702402 0.867109 0.698770 0.866875 0.695156 0.868242 0.691973 0.869375 0.688574 0.869609 0.685410 0.869141 0.682617 0.868652 0.679199 0.868652 0.675781 0.867676 0.672852 0.867188 0.668945 0.867188 0.666016 0.867676 0.663086 0.867676 0.660156 0.867676 0.656250 0.867676 0.652832 0.867676 0.649902 0.867676 0.646973 0.867676 0.644043 0.866699 0.640625 0.866211 0.638184 0.864746 0.635742 0.864258 0.607422 0.838379 0.586426 0.833496 0.557129 0.808105 0.510742 0.784180 0.466055 0.759277 0.433594 0.735742 0.408691 0.729980 0.384531 0.710449 0.371094 0.686035 0.357656 0.665527 0.346680 0.635742 0.341309 0.613281 0.335703 0.594238 0.336426 0.577148 0.345215 0.580566 0.349375 0.601074 0.357187 0.622070 0.382070 0.679199 0.407715 0.714355 0.447266 0.726074 0.457520 0.734863
2 0.322969 0.581895 0.334980 0.589688 0.335703 0.577187 0.335703 0.577148 0.335664 0.577109 0.325430 0.568750 0.325273 0.568613 0.325156 0.568457 0.325039 0.568301 0.324941 0.568145 0.324863 0.567969 0.324785 0.567773 0.318379 0.545937 0.318359 0.545898 0.318340 0.545859 0.306895 0.523477 0.306875 0.523438 0.306855 0.523438 0.306680 0.523379 0.306504 0.523301 0.306348 0.523203 0.306191 0.523086 0.306055 0.522969 0.305918 0.522832 0.305801 0.522676 0.305703 0.522520 0.305664 0.522461 0.305625 0.522422 0.298750 0.515312 0.298613 0.515137 0.298477 0.514941 0.289082 0.498828 0.289043 0.498750 0.277090 0.482266 0.276992 0.482090 0.276895 0.481914 0.276816 0.481719 0.276777 0.481523 0.272227 0.460215 0.272227 0.460176 0.265859 0.428242 0.265859 0.428203 0.260742 0.400918 0.260742 0.400879 0.260703 0.400840 0.240156 0.375273 0.240117 0.375234 0.240078 0.375273 0.221230 0.393281 0.221191 0.393320 0.221230 0.393359 0.235059 0.408125 0.235195 0.408281 0.235313 0.408457 0.235410 0.408652 0.235488 0.408848 0.244688 0.437324 0.244746 0.437500 0.244766 0.437676 0.250488 0.481875 0.250488 0.481934 0.250527 0.481973 0.264219 0.496836 0.264258 0.496875 0.264297 0.496895 0.278516 0.500430 0.278691 0.500488 0.278887 0.500566 0.279062 0.500664 0.279219 0.500781 0.279375 0.500898 0.279512 0.501055 0.287012 0.509648 0.287109 0.509766 0.287187 0.509902 0.297344 0.526328 0.297383 0.526387 0.297480 0.526543 0.297559 0.526719 0.297637 0.526895 0.308809 0.560996 0.308828 0.561035 0.308848 0.561074
0 0.250000 0.360117 0.284668 0.354004 0.305898 0.345215 0.339609 0.336426 0.355234 0.334473 0.372559 0.336680 0.391113 0.336680 0.417422 0.333203 0.420449 0.335625 0.424980 0.338340 0.428320 0.337441 0.433164 0.334102 0.438008 0.332598 0.442227 0.330488 0.447383 0.330488 0.452520 0.330488 0.457051 0.329570 0.461602 0.328066 0.466738 0.326250 0.471582 0.324434 0.475820 0.322617 0.479141 0.322012 0.484590 0.321699 0.489434 0.320488 0.494883 0.318691 0.499707 0.317480 0.503945 0.316875 0.509707 0.316875 0.515137 0.316563 0.519687 0.315957 0.524512 0.315957 0.530566 0.315957 0.535723 0.315957 0.540254 0.315059 0.544785 0.312637 0.548125 0.309297 0.552051 0.306270 0.556582 0.304766 0.561738 0.303555 0.566582 0.303555 0.570801 0.306582 0.573828 0.310215 0.578066 0.312324 0.582305 0.312637 0.586836 0.312930 0.591992 0.313535 0.596523 0.314141 0.601055 0.314746 0.606211 0.315059 0.610742 0.315059 0.614668 0.315664 0.620117 0.317168 0.624961 0.318379 0.629805 0.319590 0.634648 0.319883 0.639785 0.320195 0.644316 0.320195 0.649766 0.320195 0.654004 0.320488 0.659141 0.322012 0.663379 0.325039 0.667910 0.328359 0.672754 0.331387 0.675781 0.332910 0.679414 0.335020 0.683652 0.338047 0.687891 0.340469 0.691816 0.342891 0.696660 0.346211 0.700586 0.348633 0.704824 0.351055 0.709063 0.353477 0.713906 0.356191 0.717832 0.359531 0.721465 0.363145 0.718437 0.366777 0.713906 0.366172 0.709668 0.363750 0.705137 0.361348 0.700898 0.358613 0.696055 0.356191 0.692422 0.353770 0.688184 0.351348 0.684258 0.348633 0.679414 0.345918 0.674883 0.343496 0.670937 0.341074 0.666406 0.338047 0.661563 0.336230 0.656426 0.334414 0.651895 0.332910 0.646738 0.331699 0.642500 0.330781 0.637070 0.331094 0.632520 0.331699 0.627676 0.331992 0.621934 0.332305 0.617090 0.332598 0.612246 0.332598 0.606504 0.332910 0.602871 0.333809 0.597422 0.334102 0.592598 0.334707 0.587441 0.335020 0.583516 0.335313 0.578984 0.335918 0.572930 0.335918 0.567187 0.335918 0.561426 0.335918 0.556582 0.335625 0.552051 0.335020 0.546602 0.334707 0.541758 0.334707 0.536934 0.334102 0.531484 0.333203 0.526934 0.334414 0.523008 0.337441 0.518770 0.340469 0.514238 0.341074 0.509102 0.341074 0.503945 0.340469 0.498203 0.339258 0.493066 0.338945 0.488223 0.338945 0.483379 0.339551 0.478242 0.339863 0.473691 0.340762 0.468848 0.341367 0.464023 0.342285 0.459473 0.342578 0.454941 0.342891 0.450098 0.344102 0.445859 0.346523 0.441934 0.348926 0.437695 0.351953 0.434063 0.355293 0.430137 0.357402 0.425293 0.358320 0.421367 0.358613 0.392813 0.363281 0.377188 0.351074 0.353750 0.351797 0.319824 0.366211 0.293203 0.376953 0.277578 0.378164 0.240234 0.375234
5 0.246914 0.382324 0.267129 0.387031 0.283105 0.394551 0.298613 0.405840 0.307559 0.416641 0.313184 0.425098 0.318828 0.432148 0.325410 0.439668 0.331055 0.443437 0.348438 0.452832 0.358320 0.455195 0.352676 0.459883 0.338574 0.455195 0.329180 0.450488 0.319766 0.442500 0.310840 0.435918 0.301914 0.422285 0.293457 0.411465 0.283105 0.401602 0.273242 0.396895 0.256309 0.392676
1 0.148672 0.332520 0.179688 0.333750 0.209961 0.352773 0.211797 0.354492 0.224004 0.359375 0.250000 0.359141 0.239258 0.374512 0.219355 0.393066 0.207031 0.390391 0.196777 0.382812 0.180293 0.376211 0.159062 0.371582 0.138301 0.378164
3 0.571992 0.333398 0.591855 0.333398 0.594473 0.342813 0.596055 0.345430 0.599961 0.347266 0.604941 0.347266 0.609121 0.347266 0.613047 0.347266 0.617480 0.347266 0.621406 0.347266 0.625859 0.347520 0.630566 0.347773 0.635527 0.347773 0.639707 0.347773 0.644941 0.347773 0.648594 0.347520 0.653301 0.347266 0.657500 0.346738 0.662207 0.346484 0.666113 0.346992 0.669258 0.349883 0.671621 0.354063 0.672910 0.357988 0.671875 0.361113 0.671875 0.365039 0.672129 0.369219 0.672910 0.372617 0.675020 0.376797 0.677891 0.380195 0.682070 0.382559 0.686250 0.383086 0.691035 0.382871 0.693965 0.380840 0.697129 0.379238 0.701426 0.376992 0.704141 0.375625 0.707520 0.374277 0.711348 0.372695 0.714980 0.370898 0.718594 0.368848 0.722207 0.366582 0.724688 0.365020 0.728535 0.362969 0.731934 0.360938 0.735332 0.358691 0.738496 0.357324 0.742109 0.357559 0.745703 0.359609 0.748633 0.361855 0.752031 0.365020 0.754531 0.367734 0.757246 0.371113 0.759727 0.374277 0.762441 0.377910 0.764258 0.380391 0.765820 0.383320 0.768086 0.386484 0.769668 0.389414 0.771699 0.392578 0.773750 0.395977 0.776465 0.399375 0.778477 0.402305 0.780742 0.405703 0.782793 0.408633 0.785488 0.410664 0.788887 0.411113 0.792480 0.410215 0.795879 0.408184 0.799492 0.407500 0.803105 0.406816 0.805586 0.407051 0.809902 0.408398 0.813750 0.409746 0.816230 0.412227 0.818711 0.415625 0.821191 0.418789 0.823242 0.421719 0.823105 0.424687 0.824902 0.427637 0.827637 0.431250 0.830566 0.434414 0.833047 0.437578 0.835078 0.440293 0.838008 0.443672 0.840293 0.446152 0.842305 0.448184 0.845938 0.451348 0.848867 0.453828 0.851113 0.457441 0.853828 0.461074 0.855625 0.463555 0.857441 0.467168 0.859707 0.470332 0.862187 0.472813 0.864453 0.475977 0.866270 0.478906 0.868281 0.482305 0.869648 0.485918 0.870781 0.489551 0.871445 0.492930 0.872598 0.496758 0.873496 0.500176 0.874414 0.503770 0.874844 0.506934 0.875527 0.510781 0.875977 0.514629 0.873945 0.513066 0.872129 0.508535 0.870781 0.504453 0.869883 0.501289 0.868516 0.497891 0.866934 0.494277 0.865117 0.491113 0.863320 0.487949 0.861289 0.484590 0.859023 0.481621 0.856309 0.478262 0.854062 0.475527 0.851582 0.472578 0.848633 0.469199 0.846133 0.466250 0.843457 0.463086 0.841406 0.460391 0.839375 0.457441 0.836895 0.454062 0.834629 0.450664 0.832363 0.447734 0.829883 0.445020 0.827168 0.442305 0.824473 0.439824 0.821309 0.437344 0.818340 0.435527 0.815410 0.433281 0.813145 0.430332 0.811348 0.427168 0.809531 0.424004 0.807285 0.420840 0.804336 0.418359 0.800723 0.418145 0.796875 0.418145 0.793516 0.418789 0.789668 0.419023 0.786035 0.419473 0.782422 0.419707 0.778809 0.419707 0.774961 0.419023 0.774531 0.414746 0.772695 0.412031 0.770449 0.407969 0.768398 0.404336 0.766152 0.401406 0.763203 0.398926 0.760723 0.396660 0.757793 0.394160 0.755078 0.391680 0.752598 0.388984 0.750332 0.386504 0.747852 0.383340 0.745820 0.379941 0.743574 0.377012 0.740605 0.374746 0.737207 0.373379 0.733848 0.372930 0.730449 0.374512 0.727520 0.376777 0.724551 0.378828 0.721621 0.380625 0.718027 0.381992 0.715059 0.383105 0.711465 0.384668 0.708535 0.386504 0.705820 0.388301 0.702891 0.389668 0.699043 0.390996 0.695195 0.391465 0.691582 0.391680 0.689766 0.391914 0.686836 0.391230 0.682773 0.390801 0.678457 0.390352 0.674609 0.390117 0.671445 0.389434 0.667852 0.387168 0.665371 0.384902 0.661758 0.381738 0.659043 0.378828 0.657910 0.375859 0.657461 0.372266 0.657461 0.368203 0.657227 0.364805 0.656309 0.361191 0.653379 0.358711 0.649785 0.359375 0.645938 0.360508 0.642090 0.361191 0.638926 0.361406 0.634844 0.361406 0.630801 0.361406 0.626719 0.361406 0.622656 0.361406 0.618594 0.361406 0.614512 0.361406 0.610449 0.361641 0.606855 0.361641 0.603008 0.361641 0.599375 0.361641 0.595762 0.361191 0.592363 0.360039 0.588066 0.359160 0.586504 0.357559 0.584707 0.354629 0.582656 0.351230 0.580176 0.348301 0.578574 0.346270
3 0.410645 0.362578 0.429785 0.357891 0.430547 0.371680 0.435801 0.373086 0.441055 0.374844 0.446660 0.376582 0.452246 0.378340 0.457500 0.379727 0.463457 0.381836 0.468008 0.383945 0.472910 0.386035 0.477812 0.388145 0.483750 0.390937 0.489004 0.393379 0.493906 0.395840 0.498809 0.398281 0.502305 0.398984 0.507910 0.402480 0.512813 0.404941 0.517363 0.408086 0.522617 0.410879 0.527168 0.414043 0.532070 0.417187 0.537305 0.419980 0.542559 0.422793 0.548164 0.425586 0.552363 0.428398 0.557266 0.431895 0.561816 0.435742 0.566016 0.440293 0.569160 0.445898 0.570918 0.450801 0.572305 0.456387 0.573359 0.461289 0.576504 0.466895 0.580020 0.472148 0.583164 0.477402 0.586309 0.482637 0.589121 0.487539 0.592266 0.492090 0.596816 0.495605 0.599961 0.500156 0.604160 0.504004 0.609062 0.507852 0.613262 0.512402 0.616426 0.515898 0.620273 0.520098 0.624121 0.525000 0.627617 0.529902 0.631113 0.535156 0.634609 0.539707 0.639160 0.543906 0.644414 0.547754 0.648613 0.550195 0.653516 0.553359 0.659121 0.556152 0.665078 0.558262 0.670332 0.560352 0.675566 0.562813 0.680820 0.565254 0.685371 0.567695 0.689922 0.571211 0.693770 0.575059 0.697617 0.579258 0.700430 0.584512 0.702168 0.589414 0.703926 0.595000 0.705332 0.600957 0.709883 0.603750 0.714434 0.600254 0.718633 0.596406 0.723535 0.594648 0.729473 0.594648 0.734727 0.596406 0.738926 0.600605 0.742773 0.604805 0.746973 0.608652 0.749785 0.613203 0.750488 0.618809 0.750488 0.624414 0.750488 0.630000 0.747324 0.633516 0.745586 0.628613 0.746621 0.625117 0.745234 0.619863 0.742422 0.615313 0.738926 0.610059 0.736133 0.605508 0.731230 0.603047 0.725977 0.605859 0.721426 0.609004 0.717227 0.612852 0.711973 0.615664 0.707070 0.616699 0.702871 0.612852 0.700781 0.607598 0.699023 0.602715 0.697266 0.597461 0.694824 0.591855 0.691328 0.586953 0.688184 0.582754 0.683633 0.579258 0.679082 0.575762 0.674883 0.572949 0.669980 0.570508 0.665078 0.567344 0.659824 0.564902 0.655273 0.562813 0.650371 0.560352 0.645469 0.557910 0.640918 0.554746 0.636367 0.551602 0.631816 0.547402 0.627969 0.543555 0.623770 0.539355 0.618867 0.535508 0.614316 0.532344 0.610117 0.528496 0.605566 0.524648 0.601719 0.521152 0.597871 0.517305 0.592969 0.512754 0.589824 0.508906 0.585957 0.504355 0.582812 0.499453 0.580020 0.495254 0.577207 0.490352 0.574414 0.486152 0.571621 0.481250 0.568105 0.476699 0.565312 0.472500 0.563574 0.466895 0.561992 0.462715 0.560430 0.459062 0.559121 0.454609 0.557031 0.451211 0.554668 0.447285 0.552324 0.443887 0.549961 0.440488 0.546055 0.437617 0.542656 0.435254 0.539258 0.433437 0.534277 0.431602 0.529570 0.429766 0.525918 0.427676 0.521738 0.425332 0.517285 0.423496 0.513633 0.421660 0.509961 0.419844 0.505527 0.418008 0.501855 0.416172 0.497148 0.413555 0.494023 0.411992 0.490352 0.410430 0.486953 0.408594 0.482500 0.405977 0.478594 0.403633 0.475449 0.401523 0.471797 0.399180 0.468652 0.397344 0.465332 0.396367 0.462012 0.395195 0.458691 0.393828 0.455566 0.392656 0.452637 0.391875 0.449902 0.390898 0.446777 0.389922 0.443652 0.389141 0.440137 0.388164 0.437207 0.386992 0.434277 0.385625 0.431543 0.384258 0.428613 0.383281 0.425684 0.381719 0.423340 0.379766 0.420996 0.378008 0.415332 0.374883 0.414160 0.374297 0.412402 0.373125
